3.136295066666666642e+01 2.022908566666666630e+01
-5.492834824999999910e+01 1.249977936875000140e+00
4.671204475000000356e-01 -1.456589585714285384e+01
-1.202952478571428507e+01 2.559954957142857168e+01
1.405972979166666725e+01 -2.287531316666667180e+01
1.847286999999999679e+01 -6.087952118181818584e+00
-8.519954681818182607e+00 1.228174481818181718e+01
-2.306571331578947337e+01 -3.387833889473684224e+01
4.088785806250000121e+01 -4.231317631249999600e+00
8.634561755555555607e+00 -4.153497911111111307e+01
-4.193131809999999682e+00 4.634783409999999293e+01
2.874021549999999792e+01 -3.100749337499999925e+01
-2.886549804000000208e+01 4.504231356000000375e+01
2.412334409999999707e+00 1.709646210000000011e+01
-8.699772539999999665e+00 -6.867323599999999306e-01
1.984840424999999797e+01 1.317442600000000041e+01
-5.668569533333332089e+01 1.256049793333333398e+01
-2.297518840000000040e+01 1.171840085000000187e+01
9.162871111111110523e+00 3.120432377777777599e+00
2.323676790000000025e+01 -1.207797204999999963e+01
2.318457233333333178e+01 -2.998526359999999613e+01
-2.122835360000000193e+01 -4.481230099999999439e+00
2.454015012500000026e+01 3.647023674999999798e+00
-1.769066061666666911e+00 2.550866616666666431e+01
-1.564028888888889135e+01 3.294792266666666336e+01
1.370623204545454143e+01 -3.561428699999999736e+01
2.736350299999999791e+01 -2.029311300000000173e+01
-6.132944891666666365e+01 5.016628375000000695e+00
-1.516422780000000081e+01 1.543441899999999833e+01
3.352456409999999831e+00 -2.824488639999999506e+01
3.008687054545454131e+01 9.982113000000000014e+00
1.203268492857143102e+01 -4.890450564285713675e+00
1.123298139999999989e+01 1.918621719999999797e+01
1.238013777777777769e+01 1.202063572222222199e+01
-9.097958570588234650e+00 7.029278388235295161e+00
4.462277700000000236e-01 1.060117538333333220e+00
-1.003072874999999975e+01 -1.822339324999999732e+01
-2.281342687500000110e+01 1.976280575000000184e+01
-2.560470088888888718e+00 4.270161111111110586e+01
-2.538308046000000040e+00 -1.922163199999999961e+01
2.788523672727271929e+01 -4.970622527272727353e+00
-5.685827690000000700e+01 -4.136515339999998986e+00
-5.465389733333333666e+00 1.806832033333333243e+01
8.181145816666667514e+00 -1.549241283333333463e+01
4.693300916666667710e+00 -9.033270466666666110e+00
-1.508052841857142834e+00 1.640838935714285540e+01
-1.027704554166666462e+01 -7.694668516666666847e+00
5.920960387500000977e+00 3.164144362500000085e+01
2.317236909999999739e+01 -3.544844140000000010e+01
1.965842545454545842e+01 5.467741518181817639e+00
-2.142165935714286107e+01 2.876523014285714908e+01
-2.938622299999999754e+01 -1.506146153333337567e-02
8.361310699999998652e-01 6.991279688888888622e+00
3.066918866666666688e+01 -1.211369327777777549e+01
3.595778814285714731e+01 -2.128628342857142997e+01
1.268902761111111133e+01 -1.412789566666666552e+01
-1.709352849999999790e+01 -1.379515616666666666e+01
2.056510289999999941e+01 1.658466920000000044e+01
4.458994800000000680e+01 -2.182579438333333233e+00
3.110343644444443711e+01 8.621667777777781705e-01
-1.749258237500000135e+01 1.876357825000000190e+01
1.614858789999999900e+01 -2.800895090000000209e+01
2.243069960000000407e+01 -2.325704880000000330e+01
-3.959998118181818683e+00 -1.880549356363635960e+00
-2.070558038461538786e+01 1.337598234615384563e+01
9.257873660000001337e+00 1.411266389999999760e+01
1.838873524999999987e+01 -3.340605324999999937e+01
-6.057329725000000309e+01 1.291726134999999687e+01
3.706442786666665601e+00 -1.943039193333333969e+01
1.838865410000000367e+01 -1.053018189999999876e+01
3.430832871428572162e+01 -6.947523314285714235e+00
2.298921345454545317e+01 -7.776962409090908857e+00
-5.946261257142856493e+01 -1.002976975714285679e+00
2.427849763636363534e+01 1.092352281818181758e+01
1.587582800000000027e+01 2.320557799999999915e+01
-1.180602876666666567e+01 4.702233446666666872e+00
6.462585139999999839e+00 2.334194940000000074e+01
-2.094605386999999652e+00 1.152138609999999908e+01
-2.122737505263158297e+01 -3.676751410526316022e+01
-1.760112837499999827e+01 1.043224550000000050e+01
4.838578983333333028e+00 1.103324924999999901e+01
2.130725016666666605e+01 -1.460802504166666616e+01
2.189553341666667308e+01 -2.430401402500000252e+00
1.640352033333333281e+01 4.547747083333332774e-01
-9.445410425000000387e+00 2.174462625000000315e+01
-1.061172317285714151e+00 4.570007935714286162e+01
2.605634000000000228e+01 -2.811841544444444096e+01
-1.641510540000000162e+01 2.001542419999999822e+00
-2.881275899999999890e+00 3.623657874999999962e+01
1.008867548666666991e+01 -3.315666193333334633e+01
-4.976133459999999786e+00 -2.449357859999999576e+01
9.453727357142858168e+00 -2.373235728571428638e+01
-4.132723999999999620e+00 -1.360704412500000160e+01
3.091221928571428634e+01 1.771170414285714401e+01
-5.710899321428571085e+01 7.416574899999999637e+00
8.131380199999999059e-01 2.015827125000000208e+01
-1.414804922727272718e+01 2.120454972727272747e+01
1.169434412499999887e+01 7.799826499999999108e+00
1.529743014999999851e+01 -1.910437549999999973e+01
1.599434940000000260e+01 -3.903118999999999517e+01
